2,1215
2,1214
2,1213
2,1212
2,1211
2,1210
2,1209
2,1208
2,1207
2,1206
2,1205
2,1204
2,1203
2,1202
2,1201
2,1200
2,1199
2,1198
2,1197
2,1196
2,1195
2,1194
2,1193
2,1192
2,1191
2,1190
2,1189
2,1188
4294967278,447
4294967278,446
4294967278,445
4294967278,444
4294967279,494
4294967278,443
2,1187
4294967279,493
4294967278,442
4294967278,441
4294967278,440
2,1186
4294967278,439
4294967278,438
4294967278,437
4294967278,436
4294967279,492
4294967278,435
4294967278,434
4294967278,433
4294967278,432
4294967278,431
4294967278,430
4294967279,491
4294967278,429
4294967279,490
2,1185
4294967279,489
4294967278,428
4294967278,427
4294967278,426
4294967278,425
4294967278,424
2,1184
4294967278,423
4294967279,488
4294967279,487
4294967279,486
2,1183
4294967278,422
4294967278,421
4294967279,485
2,1182
4294967278,420
4294967279,484
2,1181
4294967279,483
4294967278,419
2,1180
2,1179
4294967279,482
2,1344
4294967279,481
4294967278,418
4294967278,417
2,1178
4294967279,480
4294967279,479
4294967279,478
2,1177
4294967278,416
4294967279,477
4294967279,476
2,1176
2,1175
4294967278,415
2,1174
4294967278,414
4294967279,475
4294967278,413
2,1173
4294967278,412
4294967278,411
4294967278,410
2,1172
4294967278,409
2,1171
4294967279,474
4294967278,408
4294967279,473
4294967279,472
4294967279,471
4294967278,407
4294967279,470
4294967278,406
4294967279,469
4294967278,405
4294967279,468
2,1170
4294967278,404
4294967278,403
4294967279,467
4294967278,402
4294967279,466
4294967278,401
4294967279,465
4294967278,400
4294967279,464
4294967279,463
4294967278,399
2,1169
2,1168
4294967278,398
4294967279,462
4294967279,461
4294967278,397
2,1167
4294967278,396
2,1166
4294967279,460
4294967278,395
4294967278,394
4294967279,459
2,1165
2,1164
2,1163
2,1162
2,1161
4294967278,393
2,1160
2,1159
2,1158
2,1157
2,1156
2,1155
2,1154
2,1153
2,1151
2,1150
2,1149
2,1148
2,1147
2,1146
2,1145
2,1144
2,1143
2,1142
2,1141
2,1140
2,1139
2,1138
2,1137
2,1136
2,1135
2,1134
2,1133
2,1132
2,1131
2,1130
2,1129
2,1128
2,1127
2,1126
4294967279,458
2,1125
2,1124
2,1123
2,1281
2,1280
4294967278,392
2,1122
2,1121
2,1120
2,1119
2,1118
2,1117
2,1116
2,1115
2,1114
2,1113
2,1112
2,1111
2,1110
2,1109
2,1108
2,1107
2,1106
2,1105
2,1104
2,1103
2,1102
2,1101
2,1100
2,1099
2,1098
2,1097
2,1096
2,1095
2,1094
2,1093
2,1092
2,1091
2,1090
2,1089
2,1087
2,1086
2,1085
2,1084
2,1083
2,1082
2,1081
2,1080
2,1079
2,1078
2,1077
2,1076
2,1075
2,1074
2,1073
4294967279,457
2,1072
2,1071
2,1070
2,1069
2,1068
2,1279
2,1067
2,1066
2,1065
2,1064
2,1063
2,1062
2,1061
2,1060
2,1059
2,1058
2,1057
2,1056
2,1055
2,1054
2,1053
2,1052
2,1051
2,1050
2,1049
2,1048
2,1047
2,1046
2,1045
2,1044
2,1043
2,1042
2,1041
2,1040
2,1039
2,1038
2,1037
2,1036
2,1035
2,1034
2,1033
2,1032
2,1031
2,1030
2,1029
2,1028
2,1027
2,1026
2,1023
2,1022
2,1021
2,1020
2,1019
2,1018
2,1017
2,1016
2,1015
2,1014
2,1013
2,1012
2,1011
2,1010
2,1152
2,1009
2,1008
2,1007
2,1006
2,1005
2,1004
2,1003
2,1002
2,1001
2,1000
2,999
2,998
2,997
2,996
2,995
2,994
2,993
2,992
2,991
2,990
2,989
2,988
2,987
2,986
2,985
2,984
2,983
2,982
2,981
2,980
2,979
2,978
2,977
2,976
2,975
2,974
2,973
2,972
2,971
2,970
2,969
2,968
2,967
2,966
2,965
2,1088
2,964
2,963
2,962
2,961
2,959
2,958
2,957
2,956
2,955
2,954
2,953
2,952
2,951
2,950
2,949
2,948
2,947
2,946
2,945
2,944
2,943
2,942
2,941
2,940
2,939
2,938
2,937
2,936
2,935
2,934
2,933
2,932
2,931
2,930
2,929
2,928
2,927
2,926
2,925
2,924
2,923
2,38
2,922
2,921
2,920
2,919
2,918
2,917
2,916
2,915
2,914
2,913
2,912
2,911
2,1025
2,910
2,909
2,908
2,907
2,906
2,905
2,904
2,903
2,1024
2,902
2,901
2,900
2,899
2,898
2,897
2,767
2,766
2,765
2,764
2,763
2,762
2,761
2,760
2,759
2,758
2,757
2,756
2,755
2,754
2,753
2,752
2,37
2,751
2,750
2,749
2,748
2,747
2,746
4294967279,456
2,745
2,744
2,743
2,742
2,741
2,740
2,739
2,738
2,737
2,736
2,735
2,734
2,733
2,732
2,731
2,730
2,729
2,728
2,727
2,726
2,725
2,724
2,723
2,722
2,721
2,720
2,719
2,718
2,717
2,716
2,960
2,715
2,714
2,713
2,712
2,711
2,710
2,709
2,708
2,707
2,706
2,705
2,895
2,894
2,893
2,892
2,891
2,890
2,889
2,888
2,887
2,886
2,885
2,884
2,883
2,882
2,881
2,880
2,879
2,878
2,877
2,876
2,875
2,874
2,873
2,872
2,871
2,870
2,869
2,868
2,867
2,866
2,865
2,864
2,863
2,896
2,862
2,861
2,860
2,859
2,858
2,857
2,856
2,855
2,854
2,853
2,852
2,851
2,850
2,849
2,848
2,847
2,846
2,845
2,844
2,843
2,842
2,841
2,840
2,839
2,838
2,837
2,836
2,835
2,834
2,831
2,830
2,829
2,828
2,827
2,826
2,825
2,824
2,823
2,822
2,821
2,820
2,819
2,818
2,817
2,816
2,815
2,814
2,813
2,812
2,811
2,810
2,809
2,808
2,807
2,806
2,805
2,804
2,803
2,802
2,801
2,800
2,799
2,798
2,797
2,796
2,795
2,794
2,793
2,792
2,791
2,790
2,789
2,788
2,787
2,786
2,785
2,784
2,783
2,782
2,781
2,780
2,779
2,778
2,777
2,776
2,702
2,701
2,700
2,699
2,698
2,697
2,696
2,695
2,694
2,693
2,692
2,691
2,690
2,689
2,688
2,687
2,686
2,685
2,684
2,683
2,682
2,681
2,680
2,679
2,678
2,677
2,676
2,675
2,674
2,673
2,672
2,671
2,670
2,833
2,832
2,669
2,668
2,667
2,666
2,665
2,664
2,663
2,662
2,661
2,660
2,659
2,658
2,775
2,657
2,656
2,655
2,654
2,774
